9.2e-05  1.33434e-13  273  2.26973e-07  34.375  61.25  120
0.000184  2.72672e-13  5766.77  4.44637e-07  34.375  61.25  120
0.000276  4.02673e-13  5576.91  6.22299e-07  34.375  78.75  120
0.000368  5.13577e-13  5600.55  7.5951e-07  34.375  78.75  120
0.00046  6.03785e-13  5606.81  8.62906e-07  34.375  78.75  120
0.000552  6.73347e-13  5606.36  9.37868e-07  34.375  78.75  120
0.000644  7.2346e-13  5602.35  9.89194e-07  34.375  78.75  120
0.000736  7.56776e-13  5595.64  1.02179e-06  34.375  78.75  120
0.000828  7.76979e-13  5586.52  1.04074e-06  34.375  78.75  120
0.00092  7.88179e-13  5575.1  1.05082e-06  34.375  78.75  120
0.001012  7.93928e-13  5561.53  1.05574e-06  34.375  78.75  120
0.001104  7.96731e-13  5546.01  1.05798e-06  34.375  78.75  120
0.001196  7.98084e-13  5528.85  1.05894e-06  34.375  78.75  120
0.001288  7.98768e-13  5510.58  1.05931e-06  34.375  78.75  120
0.00138  7.9916e-13  5491.93  1.05944e-06  34.375  78.75  120
0.001472  7.99439e-13  5473.84  1.05947e-06  34.375  78.75  120
0.001564  7.99683e-13  5457.25  1.05947e-06  34.375  78.75  120
0.001656  7.99922e-13  5455.94  1.05949e-06  34.375  78.75  120
0.001748  8.00166e-13  5479.99  1.05952e-06  34.375  78.75  120
0.00184  8.00409e-13  5501.56  1.05957e-06  34.375  78.75  120
0.001932  8.00645e-13  5520.92  1.05964e-06  34.375  78.75  120
0.002024  8.00867e-13  5538.27  1.05971e-06  34.375  78.75  120
0.002116  8.01068e-13  5553.77  1.05979e-06  34.375  78.75  120
0.002208  8.01243e-13  5567.48  1.05987e-06  34.375  78.75  120
0.0023  8.01392e-13  5579.41  1.05994e-06  34.375  78.75  120
0.002392  8.01521e-13  5589.5  1.06e-06  34.375  78.75  120
0.002484  8.01637e-13  5597.66  1.06007e-06  34.375  78.75  120
0.002576  8.01751e-13  5603.77  1.06014e-06  34.375  78.75  120
0.002668  8.01868e-13  5607.7  1.06022e-06  34.375  78.75  120
0.00276  8.01992e-13  5609.37  1.06033e-06  34.375  78.75  120
0.002852  8.02116e-13  5608.7  1.06044e-06  34.375  78.75  120
